80 0 0 0
79 0 0 0
78 0 0 0
77 0 0 0
76 10.00 1 11.30
75 10.00 1 11.30
74 50.00 3 55.90
73 65.00 5 73.00
72 65.00 5 73.00
71 65.00 5 73.00
70 65.00 5 73.00
69 65.00 5 73.00
68 65.00 5 73.00
67 65.00 5 73.00
66 65.00 5 73.00
65 65.00 5 73.00
64 65.00 5 73.00
63 65.00 5 73.00
62 65.00 5 73.00
61 90.00 6 100.80
60 100.00 7 112.10
59 100.00 7 112.10
58 100.00 7 112.10
57 100.00 7 112.10
56 100.00 7 112.10
55 100.00 7 112.10
54 100.00 7 112.10
53 100.00 7 112.10
52 135.00 8 150.90
51 135.00 8 150.90
50 135.00 8 150.90
49 135.00 8 150.90
48 135.00 8 150.90
47 135.00 8 150.90
46 135.00 8 150.90
45 135.00 8 150.90
44 135.00 8 150.90
43 135.00 8 150.90
42 135.00 8 150.90
41 135.00 8 150.90
40 135.00 8 150.90
39 135.00 8 150.90
38 165.00 9 184.20
37 165.00 9 184.20
36 165.00 9 184.20
35 165.00 9 184.20
34 165.00 9 184.20
33 165.00 9 184.20
32 165.00 9 184.20
31 165.00 9 184.20
30 165.00 9 184.20
29 165.00 9 184.20
28 165.00 9 184.20
27 165.00 9 184.20
26 165.00 9 184.20
25 165.00 9 184.20
24 165.00 9 184.20
23 165.00 9 184.20
22 165.00 9 184.20
21 205.00 10 228.50
20 205.00 10 228.50
19 205.00 10 228.50
18 240.00 11 267.30
17 240.00 11 267.30
16 250.00 12 278.60
15 250.00 12 278.60
14 250.00 12 278.60
13 250.00 12 278.60
12 250.00 12 278.60
11 750.00 13 828.90
10 750.00 13 828.90
9 1100.00 15 1214.50
8 1250.00 16 1379.80
7 1550.00 17 1710.10
6 1550.00 17 1710.10
5 1700.00 18 1875.40
4 1700.00 18 1875.40
3 1950.00 20 2151.00
2 1950.00 20 2151.00
1 2150.00 21 2371.30
0 2190.00 23 2415.90
